STK -0.060180664 11.032924 0.33604574 11.164999 0
STK 0.33604574 11.164999 1.8643475 10.900848 0
STK 1.8643475 10.863112 3.241706 10.957452 0
STK 3.241706 10.957452 4.241706 11.183867 0
STK 4.241706 11.183867 6.4115176 10.863112 0
STK 6.4115176 10.863112 7.3737817 10.919717 0
STK 7.3737817 10.919717 11.505857 11.97632 0
STK 11.512594 11.981036 20.17331 11.998894 0
STK 20.244736 12.016753 27.92331 10.0881815 0
STK 27.959019 10.123894 36.119736 10.052465 0
STK 36.119736 10.052465 37.33402 10.320323 0
STK 37.33402 10.320323 38.244736 10.981037 0
STK 38.244736 10.981037 38.798306 11.945323 0
STK 38.798306 11.945323 41.923306 11.945323 0
STK 28.012589 13.891749 28.280445 14.088179 1
STK 28.280445 14.088179 29.637589 13.891749 1
STK 29.637589 13.891749 31.101873 13.945321 1
STK 31.101873 13.945321 32.0483 14.123892 1
STK 32.0483 14.123892 35.084015 13.106035 1
STK 35.084015 13.106035 35.9233 13.070321 1
STK 41.9233 11.965078 41.944576 0.53954506 0
STK 47.98713 11.645929 47.96585 0.62465286 0
STK 47.965855 11.667204 55.944576 14.092735 0
STK 55.944576 14.092735 59.093513 13.071459 0
STK 59.093513 13.071459 60.072235 13.028906 0
STK 60.072235 12.943799 60.050957 7.858692 0
STK 60.11479 7.8799667 60.73181 7.9650736 0
STK 60.73181 7.9650736 62.029686 7.518265 0
STK 62.029686 7.518265 63.85947 7.0501795 0
STK 63.838196 7.0501795 67.98713 7.0927334 0
STK 67.96586 7.028904 72.09352 6.0714574 0
STK 72.09352 6.0714574 80.029686 2.0501804 0
STK 63.93852 13.025315 64.003456 10.012328 0
STK 64.003456 10.012328 66.003456 9.999342 0
STK 66.003456 9.999342 66.003456 9.518822 0
STK 66.003456 9.518822 68.01644 9.47986 0
STK 68.01644 9.47986 68.00345 10.531809 0
STK 68.00345 10.531809 68.50995 10.518822 0
STK 68.50995 10.518822 68.49696 10.804537 0
STK 68.49696 10.778563 69.49696 10.79155 0
STK 69.49696 10.79155 69.49696 11.038302 0
STK 69.49696 11.038302 70.04241 11.038302 0
STK 70.02943 11.038302 69.99046 13.960381 0
STK 69.99046 13.960381 67.97748 14.012328 0
STK 67.97748 14.012328 64.834625 13.064277 0
STK 64.834625 13.064277 63.951504 13.025315 0
STK 73.97148 14.824798 73.991486 10.904798 0
STK 73.991486 10.904798 75.951485 10.504798 0
STK 75.951485 10.504798 75.97148 8.964798 0
STK 75.97148 8.964798 80.03149 8.064797 0
STK 80.01149 8.044798 79.951485 6.944797 0
STK 79.951485 6.944797 83.991486 6.044797 0
STK 83.991486 6.044797 83.991486 5.044797 0
STK 83.991486 5.044797 86.57149 4.044797 0
STK 86.55148 4.044797 90.01149 4.0247974 0
STK 90.01149 4.0247974 89.97149 12.964797 0
STK 73.95149 14.864796 74.19149 15.104795 0
STK 74.19149 15.104795 75.85149 15.124795 0
STK 75.85149 15.124795 80.71149 13.964795 0
STK 80.71149 13.964795 80.97149 13.344795 0
STK 80.97149 13.344795 81.71149 12.604795 0
STK 81.71149 12.604795 82.75149 12.124795 0
STK 82.75149 12.124795 84.23149 11.864795 0
STK 84.23149 11.864795 85.31149 12.244795 0
STK 85.31149 12.244795 86.73149 12.724795 0
STK 86.73149 12.724795 88.15149 13.084795 0
STK 88.15149 13.084795 89.93149 13.024796 0
STK 92.01148 10.944794 93.97148 10.964794 0
STK 93.97148 10.964794 93.951485 4.0247946 0
STK 93.951485 4.0247946 91.991486 3.9847946 0
STK 91.991486 3.9847946 91.97148 10.944794 0
STK 96.03149 9.044793 98.01148 9.044793 0
STK 98.01148 9.044793 98.01148 3.9647932 0
STK 98.01148 3.9647932 96.01148 3.9447927 0
STK 96.01148 3.9447927 96.03149 9.024794 0
STK 100.03149 9.044793 101.93149 9.004793 0
STK 101.93149 9.004793 101.93149 3.9647932 0
STK 101.93149 3.9647932 99.97148 4.044793 0
STK 99.97148 4.044793 99.991486 9.024794 0
STK 79.99151 2.1047945 107.97151 2.004795 0
