CNF 0 32
STK -0.060180664 11.032924 0.33604574 11.164999 0
STK 0.33604574 11.164999 1.8643475 10.900848 0
STK 1.8643475 10.863112 3.241706 10.957452 0
STK 3.241706 10.957452 4.241706 11.183867 0
STK 4.241706 11.183867 6.4115176 10.863112 0
STK 6.4115176 10.863112 7.3737817 10.919717 0
STK 7.3737817 10.919717 11.505857 11.97632 0
STK 11.512594 11.981036 20.17331 11.998894 0
STK 20.244736 12.016753 27.92331 10.0881815 0
STK 27.959019 10.123894 36.119736 10.052465 0
STK 36.119736 10.052465 37.33402 10.320323 0
STK 37.33402 10.320323 38.244736 10.981037 0
STK 38.244736 10.981037 38.798306 11.945323 0
STK 38.798306 11.945323 41.923306 11.945323 0
STK 28.012589 13.891749 28.280445 14.088179 1
STK 28.280445 14.088179 29.637589 13.891749 1
STK 29.637589 13.891749 31.101873 13.945321 1
STK 31.101873 13.945321 32.0483 14.123892 1
STK 32.0483 14.123892 35.084015 13.106035 1
STK 35.084015 13.106035 35.9233 13.070321 1
STK 41.9233 11.965078 41.944576 0.53954506 0
STK 47.98713 11.645929 47.96585 0.62465286 0
STK 47.965855 11.667204 55.944576 14.092735 0
STK 55.944576 14.092735 59.093513 13.071459 0
STK 59.093513 13.071459 60.072235 13.028906 0
STK 60.072235 12.943799 60.050957 7.858692 0
STK 60.11479 7.8799667 60.73181 7.9650736 0
STK 60.73181 7.9650736 62.029686 7.518265 0
STK 62.029686 7.518265 63.85947 7.0501795 0
STK 63.838196 7.0501795 67.98713 7.0927334 0
STK 67.96586 7.028904 72.09352 6.0714574 0
STK 72.09352 6.0714574 80.029686 2.0501804 0
STK 63.93852 13.025315 64.003456 10.012328 0
STK 64.003456 10.012328 66.003456 9.999342 0
STK 66.003456 9.999342 66.003456 9.518822 0
STK 66.003456 9.518822 68.01644 9.47986 0
STK 68.01644 9.47986 68.00345 10.531809 0
STK 68.00345 10.531809 68.50995 10.518822 0
STK 68.50995 10.518822 68.49696 10.804537 0
STK 68.49696 10.778563 69.49696 10.79155 0
STK 69.49696 10.79155 69.49696 11.038302 0
STK 69.49696 11.038302 70.01355 11.040135 0
STK 70.02943 11.038302 70.03461 13.966452 0
STK 69.99046 13.960381 67.97748 14.012328 0
STK 67.97748 14.012328 64.834625 13.064277 0
STK 64.834625 13.064277 63.951504 13.025315 0
STK 73.98446 15.015598 73.991486 10.904798 0
STK 73.991486 10.904798 75.951485 10.504798 0
STK 75.951485 10.504798 75.97148 8.964798 0
STK 75.97148 8.964798 80.03149 8.064797 0
STK 80.01149 8.044798 79.951485 6.944797 0
STK 79.951485 6.944797 83.991486 6.044797 0
STK 83.991486 6.044797 83.991486 5.044797 0
STK 83.991486 5.044797 86.57149 4.044797 0
STK 86.55148 4.044797 90.01149 4.0247974 0
STK 90.01149 4.0247974 89.97149 12.964797 0
STK 73.98446 15.045301 74.19149 15.104795 0
STK 74.19149 15.104795 75.85149 15.124795 0
STK 75.85149 15.124795 80.818275 13.9794 0
STK 80.818275 13.9794 80.97149 13.344795 0
STK 80.97149 13.344795 81.71149 12.604795 0
STK 81.71149 12.604795 82.75149 12.124795 0
STK 82.75149 12.124795 84.23149 11.864795 0
STK 84.23149 11.864795 85.31149 12.244795 0
STK 85.31149 12.244795 86.73149 12.724795 0
STK 86.73149 12.724795 88.15149 13.084795 0
STK 88.15149 13.084795 89.93149 13.024796 0
STK 92.01148 10.944794 93.97148 10.964794 0
STK 93.97148 10.964794 93.951485 4.0247946 0
STK 93.951485 4.0247946 91.991486 3.9847946 0
STK 91.991486 3.9847946 91.97148 10.944794 0
STK 96.03149 9.044793 98.01148 9.044793 0
STK 98.01148 9.044793 98.01148 3.9647932 0
STK 98.01148 3.9647932 96.01148 3.9447927 0
STK 96.01148 3.9447927 96.03149 9.024794 0
STK 100.03149 9.0 101.93149 9.0 0
STK 101.93149 9.004793 101.93149 3.9647932 0
STK 101.93149 3.9647932 99.97148 4.044793 0
STK 99.97148 4.044793 99.991486 9.024794 0
STK 79.99151 2.1047945 107.97151 2.004795 0
STK 95.99039 15.599958 96.00447 13.022493 0
STK 96.00447 13.022493 96.51151 12.994326 0
STK 96.51151 12.994326 96.51151 12.515451 0
STK 96.51151 12.515451 98.99039 12.501368 0
STK 98.9763 12.501368 98.99039 12.022493 0
STK 98.9763 11.994326 103.9763 11.994326 0
STK 104.00109 11.964466 104.021095 4.504466 0
STK 104.021095 4.504466 106.00109 4.504466 0
STK 106.004875 4.4947367 106.0319 4.9947367 0
STK 106.0319 4.9947367 107.991356 4.9947367 0
STK 107.991356 4.9947367 107.991356 10.00825 0
STK 108.01839 9.9677105 111.977844 11.035278 0
STK 111.991356 11.035278 112.01839 9.994738 0
STK 112.01839 9.994738 116.0319 11.035278 0
STK 116.01839 11.062305 120.004875 9.981224 0
STK 120.01839 9.981224 123.99136 11.062305 0
STK 124.0184 11.075817 124.00489 12.481223 0
STK 124.00489 12.481223 125.96435 12.23798 0
STK 125.96435 12.23798 126.0184 9.021764 0
STK 126.045425 9.035277 128.0319 8.035277 0
STK 128.0319 8.035277 132.4238 7.9947367 0
STK 132.4238 7.9947367 133.97786 9.00825 0
STK 96.00696 15.628534 96.49752 15.987024 0
STK 96.49752 15.987024 104.6862 15.987024 0
STK 104.72394 15.987022 116.08243 13.062493 0
STK 116.08243 13.062493 117.47865 13.364381 0
STK 117.47865 13.364381 118.252235 14.043626 0
STK 118.2836 14.048029 118.88601 15.144414 0
STK 118.88601 15.144414 119.00649 16.385378 0
STK 119.00649 16.385378 119.03059 17.939594 0
STK 119.03059 17.939594 120.07878 18.048029 0
STK 120.09313 18.028006 128.07843 14.08683 0
STK 128.09314 14.08683 130.34314 14.057419 0
STK 108.016754 2.0129757 109.031456 2.1012106 0
STK 109.031456 2.1012106 109.92852 2.5717988 0
STK 109.92852 2.5717988 110.41381 3.1453285 0
STK 110.41381 3.1453285 110.70793 3.586505 0
STK 110.70793 3.586505 110.85499 4.0276814 0
STK 110.86969 4.0276814 116.34029 3.9982696 0
STK 116.38439 4.0129757 119.972626 5.101211 0
STK 119.972626 5.086506 123.75204 3.8953295 0
STK 123.75204 3.8953295 124.54616 3.9688587 0
STK 124.54616 3.9688587 128.04616 5.0423884 0
STK 128.11969 5.086504 131.61969 3.8512096 0
STK 131.61969 3.8512096 132.1638 3.9541512 0
STK 132.1638 3.9541512 136.11969 2.086504 0
STK 136.1491 2.0865045 137.09027 2.2041516 0
STK 137.09027 2.2041516 137.76674 2.645328 0
STK 137.76674 2.645328 138.32556 3.1159163 0
STK 138.32556 3.1159163 138.61969 3.5865045 0
STK 138.61969 3.5865045 138.81087 4.042387 0
STK 138.85498 4.027682 139.48734 3.954152 0
STK 139.48734 3.954152 145.92851 3.9688582 0
STK 145.92851 3.9688582 145.98734 0.07179928 0
STK 134.0167 12.939447 136.07552 11.998271 1
STK 136.07552 11.998271 136.61964 11.954153 1
STK 136.61964 11.954153 137.82552 11.586506 1
STK 137.84023 11.586506 138.29611 11.557095 1
STK 138.29611 11.557095 139.75198 11.057095 1
STK 139.75198 11.057095 140.2814 11.027683 1
STK 140.2814 11.027683 141.92847 10.542389 1
STK 141.92847 10.542389 142.7667 10.557095 1
STK 142.7667 10.557095 143.98729 10.336506 1
STK 152.00198 0.10121155 152.0461 3.9247408 0
STK 152.06079 3.9247408 156.84021 3.9100351 0
STK 156.84021 3.9100351 157.89902 3.5717998 0
STK 157.89902 3.5717998 158.47255 3.5276818 0
STK 158.47255 3.5570936 159.89902 3.0717998 0
STK 159.89902 3.0717998 161.88432 3.0865054 0
STK 161.97255 3.042388 162.00197 0.10121155 0
STK 162.03137 2.0717998 175.98724 2.0129757 0
STK 176.03136 1.9835639 180.00194 3.0717993 0
STK 180.00194 3.0717993 181.97253 3.0570936 0
STK 181.97253 3.0570936 181.98724 0.3512106 0
STK 156.0954 10.309638 158.1805 10.54368 0
STK 158.1805 10.54368 159.9039 11.075596 0
STK 159.9039 11.075596 163.98901 10.033043 0
STK 164.01028 10.033043 165.49965 10.309638 0
STK 165.49965 10.309638 166.22578 10.911913 0
STK 166.7723 11.981681 166.56348 11.416021 0
STK 166.22578 10.911913 166.56348 11.416021 0
STK 166.78394 11.98168 169.91183 11.946796 0
STK 169.96007 11.902679 170.01889 4.049738 0
STK 172.07773 14.020327 172.03362 4.0203266 0
STK 156.0748 10.300474 156.0373 7.062974 0
STK 156.0373 7.062974 159.5373 6.000474 0
STK 159.5373 6.000474 164.0123 5.500474 0
STK 164.0123 5.475475 165.9998 6.0254745 0
STK 165.9998 6.0254745 167.9998 5.5254745 0
STK 168.0123 5.5254745 168.02481 4.0504746 0
STK 168.02481 4.0504746 170.01889 4.049738 0
STK 172.03732 4.0129743 176.01231 3.9879742 0
STK 176.01231 3.9879742 179.97482 6.0004745 0
STK 179.9998 6.0129747 180.02481 8.487975 0
STK 180.02481 8.487975 183.51231 6.525475 0
STK 183.51231 6.525475 185.96231 7.062975 0
STK 185.9998 7.0754743 186.0373 10.000475 0
STK 186.0373 10.000475 184.3123 10.000475 0
STK 176.07478 14.050474 184.3123 10.000475 0
STK 172.0748 14.025475 176.07478 14.050474 0
STK 182.03352 2.0684881 184.19482 2.1168752 0
STK 184.19482 2.1168752 186.09804 1.5523591 0
STK 186.09804 1.5523591 188.35611 1.0523591 0
STK 188.35611 1.0523591 189.45288 1.3910689 0
STK 189.45288 1.3910689 190.27547 2.003972 0
STK 190.27547 2.003972 190.95288 3.503972 0
STK 190.95288 3.503972 191.02481 6.629952 0
STK 191.02481 6.629952 190.99525 10.023102 0
STK 191.03014 9.988218 201.94875 9.999847 0
