CNF 0 32 10 13
OBJ 12.0 14.0 0
OBJ 13.0 14.0 0
OBJ 14.0 14.0 0
OBJ 15.0 14.0 0
OBJ 16.0 14.0 0
OBJ 17.0 14.0 0
OBJ 18.0 14.0 0
OBJ 19.0 14.0 0
OBJ 19.0 15.0 0
OBJ 18.0 15.0 0
OBJ 17.0 15.0 0
OBJ 16.0 15.0 0
OBJ 15.0 15.0 0
OBJ 14.0 15.0 0
OBJ 13.0 15.0 0
OBJ 12.0 15.0 0
OBJ 29.0 16.0 0
OBJ 30.0 16.0 0
OBJ 31.0 16.0 0
OBJ 32.0 16.0 0
OBJ 30.0 17.0 0
OBJ 31.0 17.0 0
OBJ 43.0 16.0 0
OBJ 43.0 15.0 0
OBJ 44.0 15.0 0
OBJ 45.0 15.0 0
OBJ 46.0 15.0 0
OBJ 47.0 15.0 0
OBJ 48.0 15.0 0
OBJ 48.0 16.0 0
OBJ 47.0 16.0 0
OBJ 46.0 16.0 0
OBJ 45.0 16.0 0
OBJ 44.0 16.0 0
OBJ 42.0 16.0 0
OBJ 42.0 15.0 0
OBJ 42.0 17.0 0
OBJ 43.0 17.0 0
OBJ 44.0 17.0 0
OBJ 45.0 17.0 0
OBJ 46.0 17.0 0
OBJ 47.0 17.0 0
OBJ 48.0 17.0 0
OBJ 61.0 13.0 0
OBJ 61.0 12.0 0
OBJ 61.0 11.0 0
OBJ 61.0 10.0 0
OBJ 61.0 9.0 0
OBJ 62.0 9.0 0
OBJ 62.0 10.0 0
OBJ 62.0 11.0 0
OBJ 62.0 12.0 0
OBJ 62.0 13.0 0
OBJ 63.0 13.0 0
OBJ 63.0 12.0 0
OBJ 63.0 11.0 0
OBJ 63.0 10.0 0
OBJ 63.0 9.0 0
OBJ 67.0 15.0 0
OBJ 68.0 15.0 0
OBJ 69.0 15.0 0
OBJ 70.0 15.0 0
OBJ 66.0 14.0 0
OBJ 65.0 14.0 0
OBJ 82.0 14.0 0
OBJ 83.0 13.0 0
OBJ 84.0 13.0 0
OBJ 85.0 13.0 0
OBJ 93.0 12.0 0
OBJ 97.0 10.0 0
OBJ 101.0 10.0 0
OBJ 118.0 21.0 0
OBJ 118.0 20.0 0
OBJ 118.0 19.0 0
OBJ 118.0 18.0 0
OBJ 118.0 17.0 0
OBJ 118.0 16.0 0
OBJ 118.0 22.0 0
OBJ 118.0 23.0 0
OBJ 117.0 23.0 0
OBJ 117.0 24.0 0
OBJ 118.0 24.0 0
OBJ 119.0 24.0 0
OBJ 119.0 23.0 0
OBJ 119.0 22.0 0
OBJ 117.0 22.0 0
OBJ 29.729748 10.661946 0
OBJ 30.8517 10.661946 0
OBJ 31.998043 10.637556 0
OBJ 32.94926 10.710727 0
OBJ 34.144382 10.710727 0
OBJ 35.193165 10.661946 0
OBJ 36.266335 10.710727 0
OBJ 37.168774 11.174141 0
OBJ 37.94926 11.808288 0
OBJ 54.0 16.0 0
OBJ 55.0 16.0 0
OBJ 56.0 16.0 0
OBJ 57.0 16.0 0
OBJ 57.0 17.0 0
OBJ 56.0 17.0 0
OBJ 55.0 17.0 0
OBJ 54.0 17.0 0
OBJ 72.04684 7.0521946 0
OBJ 73.022446 6.515609 0
OBJ 74.04684 6.0278044 0
OBJ 74.97367 5.442438 0
OBJ 76.1444 5.003414 0
OBJ 77.022446 4.539999 0
OBJ 77.9005 3.979023 0
OBJ 78.827324 3.3692675 0
OBJ 79.827324 2.9058523 0
OBJ 90.43707 2.539999 0
OBJ 91.51025 2.5156088 0
OBJ 94.46146 2.5643892 0
OBJ 95.46146 2.5887794 0
OBJ 98.51023 2.4912186 0
OBJ 99.48584 2.539999 0
OBJ 102.46146 2.4912186 0
OBJ 103.412674 2.5156088 0
OBJ 108.924866 2.7839012 0
OBJ 109.70535 3.4424372 0
OBJ 110.36389 4.3448763 0
OBJ 107.900475 2.63756 0
OBJ 113.0 8.0 0
OBJ 113.0 9.0 0
OBJ 114.0 9.0 0
OBJ 114.0 8.0 0
OBJ 115.0 8.0 0
OBJ 115.0 9.0 0
OBJ 116.0 9.0 0
OBJ 116.0 8.0 0
OBJ 112.0 9.0 0
OBJ 112.0 8.0 0
OBJ 111.0 8.0 0
OBJ 111.0 9.0 0
OBJ 119.0956 5.56439 0
OBJ 120.046814 5.9790244 0
OBJ 120.70535 5.54 0
OBJ 127.14438 5.5156107 0
OBJ 127.97365 5.9302444 0
OBJ 128.87608 5.442439 0
OBJ 136.09561 2.8326826 0
OBJ 137.09561 3.0521946 0
OBJ 137.82732 3.6863413 0
OBJ 138.33951 4.4668293 0
OBJ 140.0 9.0 0
OBJ 140.0 8.0 0
OBJ 141.0 8.0 0
OBJ 141.0 9.0 0
OBJ 142.0 9.0 0
OBJ 142.0 8.0 0
OBJ 139.0 9.0 0
OBJ 139.0 8.0 0
OBJ 145.41272 10.88146 0
OBJ 146.53467 11.4668255 0
OBJ 147.53467 12.442435 0
OBJ 148.55905 13.296094 0
OBJ 150.02246 13.686338 0
OBJ 151.24197 13.344875 0
OBJ 152.29076 12.539997 0
OBJ 153.12003 11.710729 0
OBJ 153.12003 11.710729 0
OBJ 154.07124 10.954631 0
OBJ 155.21759 10.418046 0
OBJ 147.0 7.0 0
OBJ 147.0 8.0 0
OBJ 148.0 8.0 0
OBJ 148.0 7.0 0
OBJ 149.0 7.0 0
OBJ 150.0 7.0 0
OBJ 151.0 7.0 0
OBJ 152.0 7.0 0
OBJ 152.0 8.0 0
OBJ 151.0 8.0 0
OBJ 150.0 8.0 0
OBJ 149.0 8.0 0
OBJ 146.0 7.0 0
OBJ 146.0 8.0 0
OBJ 146.0 9.0 0
OBJ 147.0 9.0 0
OBJ 148.0 9.0 0
OBJ 149.0 9.0 0
OBJ 150.0 9.0 0
OBJ 151.0 9.0 0
OBJ 152.0 9.0 0
OBJ 157.65663 4.540001 0
OBJ 158.72981 4.0278053 0
OBJ 159.7786 3.8082933 0
OBJ 161.12006 3.7351227 0
OBJ 170.38835 2.6375618 0
OBJ 171.41273 2.540001 0
OBJ 180.46152 3.661952 0
OBJ 181.46152 3.661952 0
OBJ 185.7786 2.1985378 0
OBJ 186.7786 1.9790258 0
OBJ 188.12006 1.7351227 0
OBJ 189.09566 2.1253672 0
OBJ 189.85176 2.8082943 0
OBJ 190.242 3.6863422 0
OBJ 190.5103 4.6863427 0
OBJ 190.43712 5.8814645 0
OBJ 190.38834 6.8570743 0
OBJ 190.36395 7.954635 0
OBJ 190.31517 8.954636 0
OBJ 190.31519 10.174149 0
OBJ 190.0 16.0 0
OBJ 190.0 17.0 0
OBJ 190.0 18.0 0
OBJ 190.0 19.0 0
OBJ 190.0 20.0 0
OBJ 186.0 20.0 0
OBJ 185.0 20.0 0
OBJ 184.0 20.0 0
OBJ 183.0 20.0 0
OBJ 183.0 21.0 0
OBJ 184.0 21.0 0
OBJ 185.0 21.0 0
OBJ 186.0 21.0 0
OBJ 175.0 15.0 0
OBJ 174.0 15.0 0
OBJ 173.0 15.0 0
OBJ 176.0 15.0 0
OBJ 167.0 13.0 0
OBJ 166.0225 12.149749 0
OBJ 165.33957 11.2717 0
OBJ 164.31519 10.930236 0
OBJ 162.99811 11.076577 0
OBJ 169.0 16.0 0
OBJ 170.0 16.0 0
OBJ 170.0 17.0 0
OBJ 169.0 17.0 0
OBJ 193.0 21.0 0
OBJ 194.0 21.0 0
OBJ 195.0 21.0 0
OBJ 196.0 21.0 0
OBJ 197.0 21.0 0
OBJ 198.0 21.0 0
OBJ 199.0 20.0 0
OBJ 200.0 20.0 0
OBJ 201.0 20.0 0
OBJ 202.0 20.0 0
OBJ 203.0 19.0 0
OBJ 204.0 19.0 0
OBJ 205.0 19.0 0
OBJ 212.12006 10.56438 0
OBJ 213.242 10.881453 0
OBJ 214.07127 11.686331 0
OBJ 214.36395 12.954623 0
OBJ 213.53468 14.296087 0
OBJ 212.41273 15.003405 0
OBJ 210.9981 14.857063 0
OBJ 210.16882 14.125356 0
OBJ 209.63225 13.198526 0
OBJ 210.55907 10.832672 0
OBJ 209.85176 11.832672 0
OBJ 210.0 17.0 0
OBJ 211.0 17.0 0
OBJ 213.0 17.0 0
OBJ 214.0 17.0 0
OBJ 222.0 13.0 0
OBJ 223.0 13.0 0
OBJ 225.0 13.0 0
OBJ 226.0 13.0 0
OBJ 224.07127 6.5399885 0
OBJ 225.242 6.9546223 0
OBJ 225.97372 7.832671 0
OBJ 226.19324 9.125354 0
OBJ 225.48592 10.466818 0
OBJ 224.36397 10.954622 0
OBJ 223.09567 10.7595005 0
OBJ 222.19324 10.222915 0
OBJ 221.68103 9.247305 0
OBJ 221.85176 8.052183 0
OBJ 222.60786 6.9790125 0
OBJ 232.48592 2.7595005 0
OBJ 233.53468 3.2473059 0
OBJ 234.29077 4.3448668 0
OBJ 243.0 4.0 0
OBJ 244.0 4.0 0
OBJ 245.0 4.0 0
OBJ 246.0 4.0 0
OBJ 253.0 3.0 0
OBJ 254.0 3.0 0
OBJ 255.0 3.0 0
OBJ 256.0 3.0 0
OBJ 257.0 3.0 0
OBJ 261.0 3.0 0
OBJ 262.0 3.0 0
OBJ 263.0 3.0 0
OBJ 271.9981 2.9546232 0
OBJ 273.21762 3.2960873 0
OBJ 274.04688 4.271697 0
OBJ 288.7298 4.832672 0
OBJ 289.9493 5.3448677 0
OBJ 290.63223 6.3448677 0
OBJ 276.04684 14.61316 0
OBJ 277.681 15.296087 0
OBJ 278.36392 16.68633 0
OBJ 277.63223 18.174135 0
OBJ 276.07126 19.076574 0
OBJ 274.41272 18.53999 0
OBJ 273.55905 16.881453 0
OBJ 274.24197 15.125356 0
OBJ 274.0 21.0 0
OBJ 275.0 21.0 0
OBJ 276.0 21.0 0
OBJ 277.0 21.0 0
OBJ 278.0 21.0 0
OBJ 290.8517 11.8814535 0
OBJ 293.9249 13.710722 0
OBJ 293.9249 13.710722 0
OBJ 297.0956 11.808283 0
OBJ 288.04684 11.052184 0
OBJ 300.02246 10.271696 0
OBJ 302.87613 11.905843 0
OBJ 306.09567 13.759499 0
OBJ 309.16885 11.783888 0
OBJ 311.87616 10.93023 0
OBJ 319.85178 5.5399866 0
OBJ 321.12006 5.9790115 0
OBJ 321.9981 6.8326693 0
OBJ 322.242 8.027792 0
OBJ 322.2664 9.149743 0
OBJ 322.242 10.296084 0
OBJ 211.46152 15.905848 2
OBJ 223.48592 12.052189 7
OBJ 180.19325 17.076582 4
OBJ 131.43709 19.83268 3
OBJ 110.60783 26.027803 4
OBJ 34.31515 17.0522 5
STK -0.060180664 11.032924 0.33604574 11.164999 0
STK 0.33604574 11.164999 1.8643475 10.900848 0
STK 1.8643475 10.863112 3.241706 10.957452 0
STK 3.241706 10.957452 4.241706 11.183867 0
STK 4.241706 11.183867 6.4115176 10.863112 0
STK 6.4115176 10.863112 7.3737817 10.919717 0
STK 7.3737817 10.919717 11.505857 11.97632 0
STK 11.512594 11.981036 20.17331 11.998894 0
STK 20.244736 12.016753 27.92331 10.0881815 0
STK 27.959019 10.123894 36.119736 10.052465 0
STK 36.119736 10.052465 37.33402 10.320323 0
STK 37.33402 10.320323 38.244736 10.981037 0
STK 38.244736 10.981037 38.798306 11.945323 0
STK 38.798306 11.945323 41.923306 11.945323 0
STK 28.012589 13.891749 28.280445 14.088179 1
STK 28.280445 14.088179 29.637589 13.891749 1
STK 29.637589 13.891749 31.101873 13.945321 1
STK 31.101873 13.945321 32.0483 14.123892 1
STK 32.0483 14.123892 35.084015 13.106035 1
STK 35.084015 13.106035 35.9233 13.070321 1
STK 41.9233 11.965078 41.944576 0.53954506 0
STK 47.98713 11.645929 47.96585 0.62465286 0
STK 47.965855 11.667204 55.944576 14.092735 0
STK 55.944576 14.092735 59.093513 13.071459 0
STK 59.093513 13.071459 60.072235 13.028906 0
STK 60.072235 12.943799 60.050957 7.858692 0
STK 60.11479 7.8799667 60.73181 7.9650736 0
STK 60.73181 7.9650736 62.029686 7.518265 0
STK 62.029686 7.518265 63.85947 7.0501795 0
STK 63.838196 7.0501795 67.98713 7.0927334 0
STK 67.96586 7.028904 72.09352 6.0714574 0
STK 72.09352 6.0714574 80.029686 2.0501804 0
STK 63.93852 13.025315 64.003456 10.012328 0
STK 64.003456 10.012328 66.003456 9.999342 0
STK 66.003456 9.999342 66.003456 9.518822 0
STK 66.003456 9.518822 68.01644 9.47986 0
STK 68.01644 9.47986 68.00345 10.531809 0
STK 68.00345 10.531809 68.50995 10.518822 0
STK 68.50995 10.518822 68.49696 10.804537 0
STK 68.49696 10.778563 69.49696 10.79155 0
STK 69.49696 10.79155 69.49696 11.038302 0
STK 69.49696 11.038302 70.01355 11.040135 0
STK 70.02943 11.038302 70.03461 13.966452 0
STK 69.99046 13.960381 67.97748 14.012328 0
STK 67.97748 14.012328 64.834625 13.064277 0
STK 64.834625 13.064277 63.951504 13.025315 0
STK 73.98446 15.015598 73.991486 10.904798 0
STK 73.991486 10.904798 75.951485 10.504798 0
STK 75.951485 10.504798 75.97148 8.964798 0
STK 75.97148 8.964798 80.03149 8.064797 0
STK 80.01149 8.044798 79.951485 6.944797 0
STK 79.951485 6.944797 83.991486 6.044797 0
STK 83.991486 6.044797 83.991486 5.044797 0
STK 83.991486 5.044797 86.57149 4.044797 0
STK 86.55148 4.044797 90.01149 4.0247974 0
STK 90.01149 4.0247974 89.97149 12.964797 0
STK 73.98446 15.045301 74.19149 15.104795 0
STK 74.19149 15.104795 75.85149 15.124795 0
STK 75.85149 15.124795 80.818275 13.9794 0
STK 80.818275 13.9794 80.97149 13.344795 0
STK 80.97149 13.344795 81.71149 12.604795 0
STK 81.71149 12.604795 82.75149 12.124795 0
STK 82.75149 12.124795 84.23149 11.864795 0
STK 84.23149 11.864795 85.31149 12.244795 0
STK 85.31149 12.244795 86.73149 12.724795 0
STK 86.73149 12.724795 88.15149 13.084795 0
STK 88.15149 13.084795 89.93149 13.024796 0
STK 92.01148 10.944794 93.97148 10.964794 0
STK 93.97148 10.964794 93.951485 4.0247946 0
STK 93.951485 4.0247946 91.991486 3.9847946 0
STK 91.991486 3.9847946 91.97148 10.944794 0
STK 96.03149 9.044793 98.01148 9.044793 0
STK 98.01148 9.044793 98.01148 3.9647932 0
STK 98.01148 3.9647932 96.01148 3.9447927 0
STK 96.01148 3.9447927 96.03149 9.024794 0
STK 100.03149 9.0 101.93149 9.0 0
STK 101.93149 9.004793 101.93149 3.9647932 0
STK 101.93149 3.9647932 99.97148 4.044793 0
STK 99.97148 4.044793 99.991486 9.024794 0
STK 79.99151 2.1047945 107.97151 2.004795 0
STK 95.99039 15.599958 96.00447 13.022493 0
STK 96.00447 13.022493 96.51151 12.994326 0
STK 96.51151 12.994326 96.51151 12.515451 0
STK 96.51151 12.515451 98.99039 12.501368 0
STK 98.9763 12.501368 98.99039 12.022493 0
STK 98.9763 11.994326 103.9763 11.994326 0
STK 104.00109 11.964466 104.021095 4.504466 0
STK 104.021095 4.504466 106.00109 4.504466 0
STK 106.004875 4.4947367 106.0319 4.9947367 0
STK 106.0319 4.9947367 107.991356 4.9947367 0
STK 107.991356 4.9947367 107.991356 10.00825 0
STK 108.01839 9.9677105 111.977844 11.035278 0
STK 111.991356 11.035278 112.01839 9.994738 0
STK 112.01839 9.994738 116.0319 11.035278 0
STK 116.01839 11.062305 120.004875 9.981224 0
STK 120.01839 9.981224 123.99136 11.062305 0
STK 124.0184 11.075817 124.00489 12.481223 0
STK 124.00489 12.481223 125.96435 12.23798 0
STK 125.96435 12.23798 126.0184 9.021764 0
STK 126.045425 9.035277 128.0319 8.035277 0
STK 128.0319 8.035277 132.4238 7.9947367 0
STK 132.4238 7.9947367 133.97786 9.00825 0
STK 96.00696 15.628534 96.49752 15.987024 0
STK 96.49752 15.987024 104.6862 15.987024 0
STK 104.72394 15.987022 116.08243 13.062493 0
STK 119.03059 17.939594 120.07878 18.048029 0
STK 120.09313 18.028006 128.07843 14.08683 0
STK 128.09314 14.08683 130.74509 14.025278 0
STK 108.016754 2.0129757 109.031456 2.1012106 0
STK 109.031456 2.1012106 109.92852 2.5717988 0
STK 109.92852 2.5717988 110.41381 3.1453285 0
STK 110.41381 3.1453285 110.70793 3.586505 0
STK 110.70793 3.586505 110.85499 4.0276814 0
STK 110.86969 4.0276814 116.34029 3.9982696 0
STK 116.38439 4.0129757 119.972626 5.101211 0
STK 119.972626 5.086506 123.75204 3.8953295 0
STK 123.75204 3.8953295 124.54616 3.9688587 0
STK 124.54616 3.9688587 128.04616 5.0423884 0
STK 128.11969 5.086504 131.61969 3.8512096 0
STK 131.61969 3.8512096 132.1638 3.9541512 0
STK 132.1638 3.9541512 136.11969 2.086504 0
STK 136.1491 2.0865045 137.09027 2.2041516 0
STK 137.09027 2.2041516 137.76674 2.645328 0
STK 137.76674 2.645328 138.32556 3.1159163 0
STK 138.32556 3.1159163 138.61969 3.5865045 0
STK 138.61969 3.5865045 138.81087 4.042387 0
STK 138.85498 4.027682 139.48734 3.954152 0
STK 139.48734 3.954152 145.92851 3.9688582 0
STK 145.92851 3.9688582 145.98734 0.07179928 0
STK 134.0167 12.939447 136.07552 11.998271 1
STK 136.07552 11.998271 136.61964 11.954153 1
STK 136.61964 11.954153 137.82552 11.586506 1
STK 137.84023 11.586506 138.29611 11.557095 1
STK 138.29611 11.557095 139.75198 11.057095 1
STK 139.75198 11.057095 140.2814 11.027683 1
STK 140.2814 11.027683 141.92847 10.542389 1
STK 141.92847 10.542389 142.7667 10.557095 1
STK 142.7667 10.557095 143.98729 10.336506 1
STK 152.00198 0.10121155 152.0461 3.9247408 0
STK 152.06079 3.9247408 156.84021 3.9100351 0
STK 156.84021 3.9100351 157.89902 3.5717998 0
STK 157.89902 3.5717998 158.47255 3.5276818 0
STK 158.47255 3.5570936 159.89902 3.0717998 0
STK 159.89902 3.0717998 161.88432 3.0865054 0
STK 161.97255 3.042388 161.96785 0.06704521 0
STK 162.01196 2.0082216 175.98724 2.0129757 0
STK 176.03136 1.9835639 180.00194 3.0717993 0
STK 180.00194 3.0717993 181.97253 3.0570936 0
STK 181.97253 3.0570936 181.95314 0.22880983 0
STK 156.0954 10.309638 158.1805 10.54368 0
STK 158.1805 10.54368 159.9039 11.075596 0
STK 159.9039 11.075596 163.98901 10.033043 0
STK 164.01028 10.033043 165.49965 10.309638 0
STK 165.49965 10.309638 166.22578 10.911913 0
STK 166.7723 11.981681 166.56348 11.416021 0
STK 166.22578 10.911913 166.56348 11.416021 0
STK 166.78394 11.98168 169.91183 11.946796 0
STK 169.96007 11.902679 170.01889 4.049738 0
STK 172.07773 14.020327 172.03362 4.0203266 0
STK 156.0748 10.300474 156.0373 7.062974 0
STK 156.0373 7.062974 159.5373 6.000474 0
STK 159.5373 6.000474 164.0123 5.500474 0
STK 164.0123 5.475475 165.9998 6.0254745 0
STK 165.9998 6.0254745 167.9998 5.5254745 0
STK 168.0123 5.5254745 168.02481 4.0504746 0
STK 168.02481 4.0504746 170.01889 4.049738 0
STK 172.03732 4.0129743 176.01231 3.9879742 0
STK 176.01231 3.9879742 179.97482 6.0004745 0
STK 179.9998 6.0129747 180.02481 8.487975 0
STK 180.02481 8.487975 183.51231 6.525475 0
STK 183.51231 6.525475 185.96231 7.062975 0
STK 185.9998 7.0754743 186.0373 10.000475 0
STK 186.0373 10.000475 184.3123 10.000475 0
STK 176.07478 14.050474 184.3123 10.000475 0
STK 172.0748 14.025475 176.07478 14.050474 0
STK 182.03352 2.0684881 184.19482 2.1168752 0
STK 184.19482 2.1168752 186.09804 1.5523591 0
STK 186.09804 1.5523591 188.35611 1.0523591 0
STK 188.35611 1.0523591 189.45288 1.3910689 0
STK 189.45288 1.3910689 190.27547 2.003972 0
STK 190.27547 2.003972 190.95288 3.503972 0
STK 190.95288 3.503972 191.02481 6.629952 0
STK 191.02481 6.629952 190.99525 10.023102 0
STK 191.03014 9.988218 201.94875 9.999847 0
STK 116.69358 13.085112 116.08243 13.062493 0
STK 117.13568 13.243006 116.69358 13.085112 0
STK 117.57779 13.421953 117.13568 13.243006 0
STK 117.87253 13.653532 117.57779 13.421953 0
STK 118.18832 13.969322 117.87253 13.653532 0
STK 118.47253 14.306164 118.18832 13.969322 0
STK 118.71463 14.71669 118.47253 14.306164 0
STK 118.88305 15.169321 118.71463 14.71669 0
STK 118.98831 15.685111 118.88305 15.169321 0
STK 119.0199 16.200901 118.98831 15.685111 0
STK 119.03059 17.939594 119.0199 16.200901 0
STK 180.00407 16.967718 180.02406 14.987719 0
STK 184.00407 14.007719 180.02406 14.987719 0
STK 184.02406 13.007719 184.00407 14.007719 0
STK 188.00407 13.947719 184.02406 13.007719 0
STK 187.92407 18.007719 188.00407 13.947719 0
STK 181.06407 17.147718 180.00407 16.967718 0
STK 184.00407 18.10772 181.06407 17.147718 0
STK 185.02406 18.087719 184.00407 18.10772 0
STK 186.00407 17.867718 185.02406 18.087719 0
STK 186.94406 17.867718 186.00407 17.867718 0
STK 187.30408 18.02772 186.94406 17.867718 0
STK 187.92407 18.007719 187.30408 18.02772 0
STK 192.00407 19.967712 192.00407 17.027712 0
STK 195.98407 16.007713 192.00407 17.027712 0
STK 203.90407 14.047712 196.00407 14.027713 0
STK 196.00407 14.027713 195.98407 16.007713 0
STK 205.98407 14.967712 203.90407 14.047712 0
STK 205.98407 18.027714 205.98407 14.967712 0
STK 196.60406 19.967712 192.00407 19.967712 0
STK 197.92407 19.527714 196.60406 19.967712 0
STK 198.54407 19.467712 197.92407 19.527714 0
STK 199.90407 19.067713 198.54407 19.467712 0
STK 200.36407 19.047712 199.90407 19.067713 0
STK 201.02406 18.787712 200.36407 19.047712 0
STK 201.50407 18.627712 201.02406 18.787712 0
STK 203.42407 18.287712 201.50407 18.627712 0
STK 203.90407 18.027714 203.42407 18.287712 0
STK 205.98407 18.027714 203.90407 18.027714 0
STK 202.00407 9.067711 201.94875 9.999847 0
STK 204.16406 9.067711 202.00407 9.067711 0
STK 205.44408 9.447711 204.16406 9.067711 0
STK 206.24406 9.58771 205.44408 9.447711 0
STK 207.90407 10.067711 206.24406 9.58771 0
STK 208.54408 10.06771 207.90407 10.067711 0
STK 214.02408 8.947706 217.04408 7.447706 0
STK 217.60408 7.347706 217.04408 7.447706 0
STK 220.04408 6.067706 217.60408 7.347706 0
STK 226.06409 4.927714 229.0241 3.4477139 0
STK 229.0241 3.4477139 229.56409 3.327714 0
STK 229.56409 3.327714 232.14095 2.0561476 0
STK 232.14095 2.0561476 232.8277 2.128437 0
STK 233.30963 2.3332562 232.8277 2.128437 0
STK 233.68312 2.562172 233.30963 2.3332562 0
STK 234.06866 2.8392801 233.68312 2.562172 0
STK 234.38191 3.1766295 234.06866 2.8392801 0
STK 234.57469 3.4898827 234.38191 3.1766295 0
STK 234.77951 3.947714 234.57469 3.4898827 0
STK 241.99638 3.9838586 234.77951 3.947714 0
STK 242.00842 1.9838581 241.99638 3.9838586 0
STK 245.99637 2.9718099 242.03252 2.9959064 0
STK 246.00842 1.0079546 245.99637 2.9718099 0
STK 272.42697 2.0558443 246.02696 2.0558443 0
STK 273.06943 2.2747536 272.42697 2.0558443 0
STK 273.59882 2.46593 273.06943 2.2747536 0
STK 274.0106 2.7747536 273.59882 2.46593 0
STK 274.30472 3.0835772 274.0106 2.7747536 0
STK 274.54 3.46593 274.30472 3.0835772 0
STK 274.81943 3.9512243 274.54 3.46593 0
STK 289.06137 4.04347 274.81943 3.9512243 0
STK 289.6523 4.238925 289.06137 4.04347 0
STK 290.1523 4.5014253 289.6523 4.238925 0
STK 290.67734 4.888925 290.1523 4.5014253 0
STK 290.98984 5.363925 290.67734 4.888925 0
STK 291.30234 5.9639254 290.98984 5.363925 0
STK 292.81482 6.1014237 291.30234 5.9639254 0
STK 293.6148 5.876424 292.81482 6.1014237 0
STK 296.00232 5.9764237 293.6148 5.876424 0
STK 295.99878 0.16250896 296.00232 5.9764237 0
STK 302.03653 0.124773026 302.03653 6.011565 0
STK 302.03653 6.011565 303.79123 5.954962 0
STK 303.79123 5.954962 304.3384 6.181377 0
STK 304.3384 6.181377 305.2818 5.9738297 0
STK 305.2818 5.9738297 307.39502 5.898358 0
STK 308.347 6.17116 307.37616 5.917225 0
STK 310.0083 5.993741 308.347 6.17116 0
STK 309.99216 4.025999 310.0083 5.993741 0
STK 320.1696 4.9937406 310.04056 5.0098696 0
STK 320.83328 5.1115675 320.1696 4.9937406 0
STK 321.3596 5.3431463 320.83328 5.1115675 0
STK 321.81223 5.637883 321.3596 5.3431463 0
STK 322.21222 6.0168304 321.81223 5.637883 0
STK 322.528 6.427357 322.21222 6.0168304 0
STK 322.79117 6.964199 322.528 6.427357 0
STK 322.9175 7.448409 322.79117 6.964199 0
STK 322.98065 7.922094 322.9175 7.448409 0
STK 322.99115 10.006305 322.98065 7.922094 0
STK 208.03122 15.404981 209.55122 15.92498 0
STK 209.55122 15.92498 214.51123 15.964981 0
STK 214.51123 15.964981 215.95122 15.444981 0
STK 220.01123 11.424985 221.45123 11.924985 0
STK 221.49124 11.924986 226.55125 11.984985 0
STK 227.95125 11.444985 226.55125 11.984985 0
STK 127.97731 19.411398 129.58109 19.958569 0
STK 129.58109 19.958569 134.46788 19.939701 0
STK 134.46788 19.939701 135.93958 19.449135 0
STK 233.96715 15.951018 234.01593 12.097361 0
STK 234.01593 12.097361 235.96715 12.024189 0
STK 235.96715 12.024189 236.04033 8.024189 0
STK 236.04033 8.024189 239.99155 8.09736 0
STK 239.99155 8.09736 240.01593 7.12175 0
STK 240.01593 7.12175 242.52814 6.024189 0
STK 242.52814 6.024189 247.89398 5.463214 0
STK 247.89398 5.463214 251.94276 6.9754095 0
STK 251.99155 13.9754095 251.94276 6.9754095 0
STK 240.67447 15.999791 233.96715 15.951018 0
STK 240.82806 15.612843 240.67447 15.999791 0
STK 241.11185 15.2074375 240.82806 15.612843 0
STK 241.39563 14.869599 241.11185 15.2074375 0
STK 241.73347 14.626356 241.39563 14.869599 0
STK 242.09833 14.396626 241.73347 14.626356 0
STK 242.47672 14.193924 242.09833 14.396626 0
STK 243.03076 14.031761 242.47672 14.193924 0
STK 243.58482 14.058788 243.03076 14.031761 0
STK 244.20644 14.166897 243.58482 14.058788 0
STK 244.80104 13.964194 244.20644 14.166897 0
STK 247.40912 13.950682 244.80104 13.964194 0
STK 248.4902 14.09933 247.40912 13.950682 0
STK 249.73344 13.937168 248.4902 14.09933 0
STK 250.85506 13.8696 249.73344 13.937168 0
STK 251.36858 14.004736 250.85506 13.8696 0
STK 251.36858 14.004736 251.99155 13.9754095 0
STK 257.9977 13.954137 259.9068 14.045046 0
STK 264.02048 13.999593 272.99774 14.022321 0
STK 272.02048 19.408686 273.56592 19.976868 0
STK 273.56592 19.976868 278.6341 19.976868 0
STK 278.6341 19.976868 279.975 19.45414 0
STK 312.02048 10.431416 312.8614 10.431416 0
STK 312.8614 10.431416 313.7932 10.681416 0
STK 313.7932 10.681416 314.24774 10.522324 0
STK 316.17957 11.158688 314.24774 10.522324 0
STK 317.0194 10.924072 316.17957 11.158688 0
STK 319.9425 10.939457 317.0194 10.924072 0
STK 327.51175 9.216382 322.99115 10.006305 0
STK 331.35788 8.024075 327.51175 9.216382 0
STK 352.01175 7.947152 331.35788 8.024075 0
STK 351.9348 0.1779213 351.9348 18.947153 0
STK 0.2229414 0.3542633 0.2229414 29.547813 0
STK 280.0461 11.831791 277.93976 12.980727 1
STK 280.727 11.874344 280.0461 11.831791 1
STK 281.9823 11.512642 280.727 11.874344 1
STK 283.83337 11.002004 281.9823 11.512642 1
STK 284.344 10.980727 283.83337 11.002004 1
STK 285.87592 10.533918 284.344 10.980727 1
STK 287.19507 10.491365 285.87592 10.533918 1
STK 287.96103 10.257322 287.19507 10.491365 1
STK 110.030624 22.991093 110.0842 25.991093 0
STK 113.030624 26.06252 110.0842 25.991093 0
STK 113.92348 25.88395 113.030624 26.06252 0
STK 114.97705 25.848234 113.92348 25.88395 0
STK 115.29848 26.044662 114.97705 25.848234 0
STK 115.99491 25.973234 115.29848 26.044662 0
STK 116.012764 23.00895 115.99491 25.973234 0
STK 112.31634 22.00895 116.012764 23.00895 0
STK 110.030624 22.991093 112.31634 22.00895 0
STK 210.75539 10.018921 208.54408 10.06771 0
STK 210.75539 10.018921 214.02408 8.947706 0
STK 214.767 13.646827 214.91817 13.030548 0
STK 214.52281 14.123571 214.767 13.646827 0
STK 214.1391 14.600315 214.52281 14.123571 0
STK 213.69724 14.984036 214.1391 14.600315 0
STK 213.18561 15.263106 213.69724 14.984036 0
STK 212.6391 15.449152 213.18561 15.263106 0
STK 212.03444 15.507292 212.6391 15.449152 0
STK 211.46468 15.46078 212.03444 15.507292 0
STK 210.89491 15.274734 211.46468 15.46078 0
STK 210.39491 15.07706 210.89491 15.274734 0
STK 209.95305 14.693338 210.39491 15.07706 0
STK 209.53444 14.216595 209.95305 14.693338 0
STK 209.3019 13.786362 209.53444 14.216595 0
STK 209.15073 13.402641 209.3019 13.786362 0
STK 209.04608 13.053803 209.15073 13.402641 0
STK 209.81352 10.902641 209.54608 11.29799 0
STK 133.97786 9.00825 134.0167 12.939447 0
STK 134.74509 17.765537 134.93988 17.298004 0
STK 134.44638 18.336966 134.74509 17.765537 0
STK 134.06976 18.726576 134.44638 18.336966 0
STK 133.6152 19.090212 134.06976 18.726576 0
STK 133.06976 19.375927 133.6152 19.090212 0
STK 132.45937 19.505796 133.06976 19.375927 0
STK 131.99184 19.544758 132.45937 19.505796 0
STK 131.36845 19.479822 131.99184 19.544758 0
STK 130.79703 19.246058 131.36845 19.479822 0
STK 130.29054 18.97333 130.79703 19.246058 0
STK 129.86197 18.66164 130.29054 18.97333 0
STK 129.51132 18.207096 129.86197 18.66164 0
STK 129.27754 17.713589 129.51132 18.207096 0
STK 129.06976 17.220083 129.27754 17.713589 0
STK 134.0167 12.939447 130.74509 14.025278 0
STK 222.73473 6.0164933 220.04408 6.067706 0
STK 226.06409 4.927714 222.73473 6.0164933 0
STK 226.48471 10.201276 226.88689 9.353449 0
STK 225.9521 10.820841 226.48471 10.201276 0
STK 225.26732 11.277363 225.9521 10.820841 0
STK 224.5282 11.494755 225.26732 11.277363 0
STK 223.96298 11.527363 224.5282 11.494755 0
STK 223.4195 11.440407 223.96298 11.527363 0
STK 222.82167 11.309972 223.4195 11.440407 0
STK 222.23471 10.962146 222.82167 11.309972 0
STK 221.68037 10.494755 222.23471 10.962146 0
STK 221.34341 9.973015 221.68037 10.494755 0
STK 221.03906 9.092581 221.34341 9.973015 0
STK 274.779 13.995681 272.99774 14.022321 0
STK 274.779 13.995681 277.93976 12.980727 0
STK 278.44846 18.231892 278.79785 17.460808 0
STK 277.96655 18.749964 278.44846 18.231892 0
STK 277.31595 19.183699 277.96655 18.749964 0
STK 276.48462 19.496952 277.31595 19.183699 0
STK 275.6774 19.509 276.48462 19.496952 0
STK 275.05087 19.37647 275.6774 19.509 0
STK 274.31595 18.97888 275.05087 19.37647 0
STK 273.73764 18.509 274.31595 18.97888 0
STK 273.328 17.91864 273.73764 18.509 0
STK 273.08704 17.207796 273.328 17.91864 0
SPC 288.0254 10.38816 1 2
SPC 144.01317 10.354401 1 1
SPC -0.059999466 11.460001 0 1
SPC 3.940001 11.440001 0 1
SPC 74.524216 15.459999 0 1
SPC 75.44527 15.512631 0 1
SPC 87.94918 13.465598 0 1
SPC 88.92791 13.423044 0 1
SPC 112.49553 26.48452 0 1
SPC 111.97011 26.467571 0 1
SPC 141.93983 10.9594555 0 1
SPC 156.91855 10.959458 0 1
SPC 157.5143 10.959458 0 1
SPC 183.93982 18.427546 0 1
SPC 184.51428 18.4701 0 1
SPC 191.91853 10.448822 0 1
SPC 200.00363 10.4701 0 1
SPC 200.51428 10.448824 0 1
SPC 200.96109 10.491377 0 1
SPC 202.45045 9.448824 0 1
SPC 203.42917 9.448824 0 1
SPC 243.91853 14.448824 0 1
SPC 247.9398 14.448824 0 1
SPC 248.47173 14.470101 0 1
SPC 258.45044 14.406273 0 1
SPC 258.9398 14.491379 0 1
SPC 267.93976 14.491377 0 1
SPC 285.93976 10.959459 0 1
SPC 291.91846 6.470097 0 1
SPC 292.38657 6.470097 0 1
SPC 303.961 6.4488187 0 1
SPC 307.89716 6.4488187 0 1
SPC 308.47165 6.427541 0 1
SPC 308.8972 6.448818 0 1
SPC 310.45038 5.448818 0 1
SPC 311.45038 5.491371 0 1
SPC 312.91846 10.9594555 0 1
SPC 313.47165 10.980732 0 1
SPC 315.93976 11.427542 0 1
SPC 64.68718 8.929539 3 1
SPC 65.987175 8.009539 3 1
SPC 80.46998 5.95602 3 1
SPC 81.18829 4.970104 3 1
SPC 80.70942 2.9701042 3 1
SPC 82.455894 3.9560199 3 1
SPC 82.455894 2.491231 3 1
SPC 84.46998 3.9701042 3 1
SPC 84.681244 2.9701042 3 1
SPC 86.46998 2.4771466 3 1
SPC 88.7235 2.9701047 3 1
SPC 105.70942 2.9701047 3 1
SPC 160.70172 4.977948 3 1
SPC 161.96678 3.9659 3 1
SPC 162.70172 2.9538517 3 1
SPC 164.72581 4.977948 3 1
SPC 165.96678 3.9779482 3 1
SPC 165.71376 2.989996 3 1
SPC 173.70172 2.9659004 3 1
SPC 240.45215 5.9782147 3 1
SPC 241.21486 4.927367 3 1
SPC 242.4352 3.9782147 3 1
SPC 244.70639 4.9782147 3 1
SPC 245.96063 3.9612656 3 1
SPC 246.72334 2.944316 3 1
SPC 248.67247 4.4697394 3 1
SPC 248.74026 2.9443154 3 1
SPC 250.45213 2.4697394 3 1
SPC 132.00311 16.767653 2 1
SPC 211.97523 12.771883 2 1
SPC 223.99062 8.74111 2 1
SPC 275.98752 16.747301 2 1
GEG 42.998085 3.979024 1 0
GEG 44.924915 4.0521946 1 0
GEG 46.973698 3.9546337 1 0
GEG 1.2419896 14.686344 2 0
GEG 5.241989 13.564394 2 0
GEG 14.754184 15.003421 2 0
GEG 17.31516 15.296106 2 0
GEG 33.24199 16.174158 2 0
GEG 29.144426 17.052206 2 0
GEG 57.19321 16.442455 2 0
GEG 65.26637 15.88148 2 0
GEG 101.26638 19.100992 2 0
GEG 173.14441 16.393675 2 0
GEG 181.24197 20.003433 2 0
GEG 193.16881 12.296115 2 0
GEG 237.1444 19.052221 2 0
GEG 245.21758 16.125391 2 0
GEG 265.21756 16.83271 2 0
GEG 266.70538 17.613197 2 0
GEG 270.75415 17.296124 2 0
GEG 305.2176 8.149783 2 0
GEG 334.70535 10.759538 2 0
GEG 315.94922 5.491247 3 0
GEG 282.7053 4.5156374 3 0
GEG 254.72969 2.5644188 3 0
GEG 267.07114 2.6619797 3 0
GEG 237.5346 16.637589 3 0
GEG 196.95782 10.680494 3 0
GEG 184.15782 18.880495 3 0
GEG 169.24353 2.566208 3 0
GEG 142.44351 4.7662067 3 0
GEG 113.01494 26.73763 3 0
GEG 100.18635 16.823345 3 0
GEG 104.61493 2.566203 3 0
GEG 96.557785 2.566203 3 0
GEG 85.47208 2.7090607 3 0
GEG 28.672066 10.6804905 3 0
GEG 15.557778 12.566203 3 0
GEG 146.98634 1.0519209 1 0
GEG 149.01492 1.0233488 1 0
GEG 150.98634 1.0233488 1 0
GEG 297.01498 1.0804939 1 0
GEG 299.0721 1.0804939 1 0
GEG 300.98642 1.0519218 1 0
GEG 316.9293 14.051925 0 0
GEG 299.90073 14.994783 0 0
GEG 288.015 13.966211 0 0
GEG 262.92935 17.137642 0 0
GEG 249.04361 17.109072 0 0
GEG 230.98648 19.051933 0 0
GEG 218.01505 19.051935 0 0
GEG 200.9579 23.080507 0 0
GEG 159.92934 14.10908 0 0
GEG 141.04364 14.994796 0 0
GEG 122.04366 21.080511 0 0
GEG 108.01508 20.080513 0 0
GEG 118.01508 30.023369 0 0
GEG 86.01509 17.023375 0 0
GEG 59.929363 18.08052 0 0
GEG 38.986504 17.137665 0 0
GEG 21.015083 17.023378 0 0
WTR 41.936104 -1.0114708 3 6
WTR 89.974846 2.0541453 1 3
WTR 93.98893 2.0118933 1 3
WTR 97.98893 2.040062 1 3
WTR 101.960754 2.0118933 1 3
WTR 89.98894 0.06823063 1 1
WTR 93.97485 0.04006195 1 1
WTR 97.974846 0.025977135 1 1
WTR 102.00301 0.025976658 1 1
WTR 145.96373 -0.9662523 3 2
WTR 169.98068 -0.9662533 1 6
WTR 169.99763 -1.5258789E-4 1 1
WTR 252.01337 5.0183334 3 4
WTR 259.96793 5.0183334 2 4
WTR 252.01337 2.0865154 3 2
WTR 259.99063 2.0637884 2 2
WTR 253.99152 0.005470276 4 1
WTR 295.98932 -0.9473591 3 3
LPS 210.75539 10.018921 210.17398 10.542175 0 0
LPS 210.17398 10.542175 209.81352 10.902641 0 0
LPS 209.54608 11.29799 209.3019 11.728222 0 0
LPS 209.3019 11.728222 209.12747 12.193338 0 0
LPS 209.12747 12.193338 209.02281 12.57706 0 0
LPS 209.02281 12.57706 209.04608 13.053803 0 0
LPS 212.01118 10.042175 210.75539 10.018921 0 1
LPS 212.74374 10.123571 212.01118 10.042175 0 1
LPS 213.36003 10.3445015 212.74374 10.123571 0 1
LPS 213.81352 10.635199 213.36003 10.3445015 0 1
LPS 214.23212 11.007292 213.81352 10.635199 0 1
LPS 214.56934 11.449152 214.23212 11.007292 0 1
LPS 214.81352 11.902641 214.56934 11.449152 0 1
LPS 214.94142 12.495665 214.81352 11.902641 0 1
LPS 214.91817 13.030548 214.94142 12.495665 0 1
LPS 130.74509 14.025278 130.16066 14.544758 1 0
LPS 130.16066 14.544758 129.7321 14.986317 1 0
LPS 129.7321 14.986317 129.40742 15.505796 1 0
LPS 129.40742 15.505796 129.19963 16.06424 1 0
LPS 129.19963 16.06424 129.03079 16.609694 1 0
LPS 129.03079 16.609694 129.06976 17.220083 1 0
LPS 132.31651 14.038262 130.74509 14.025278 1 1
LPS 133.03079 14.22008 132.31651 14.038262 1 1
LPS 134.03079 14.804497 133.64119 14.492807 1 1
LPS 133.64119 14.492807 133.03079 14.22008 1 1
LPS 134.4334 15.310989 134.03079 14.804497 1 1
LPS 134.7321 15.83047 134.4334 15.310989 1 1
LPS 135.00482 16.765537 134.91391 16.349953 1 1
LPS 134.91391 16.349953 134.7321 15.83047 1 1
LPS 134.93988 17.298004 135.00482 16.765537 1 1
LPS 222.19124 6.5164933 222.73473 6.0164933 2 0
LPS 222.19124 6.5164933 221.76732 6.9512763 2 0
LPS 221.76732 6.9512763 221.39777 7.505624 2 0
LPS 221.39777 7.505624 221.18037 8.092581 2 0
LPS 221.18037 8.092581 221.0282 8.581711 2 0
LPS 221.0282 8.581711 221.03906 9.092581 2 0
LPS 223.98473 5.983885 222.73473 6.0164933 2 1
LPS 224.68037 6.0708413 223.98473 5.983885 2 1
LPS 225.44124 6.4186673 224.68037 6.0708413 2 1
LPS 226.11516 6.896928 225.44124 6.4186673 2 1
LPS 226.54994 7.429537 226.11516 6.896928 2 1
LPS 226.8108 8.070841 226.54994 7.429537 2 1
LPS 226.93037 8.799102 226.8108 8.070841 2 1
LPS 226.88689 9.353449 226.93037 8.799102 2 1
LPS 274.779 13.995681 273.9786 14.725868 3 0
LPS 273.9786 14.725868 273.52075 15.304182 3 0
LPS 273.52075 15.304182 273.24365 15.870446 3 0
LPS 273.24365 15.870446 273.08704 16.472857 3 0
LPS 273.08704 16.472857 273.08704 17.207796 3 0
LPS 276.0027 14.015024 274.779 13.995681 3 1
LPS 276.97858 14.183699 276.0027 14.015024 3 1
LPS 277.7376 14.593337 276.97858 14.183699 3 1
LPS 278.29184 15.123457 277.7376 14.593337 3 1
LPS 278.67737 15.749964 278.29184 15.123457 3 1
LPS 278.8581 16.268036 278.67737 15.749964 3 1
LPS 278.9063 16.798157 278.8581 16.268036 3 1
LPS 278.79785 17.460808 278.9063 16.798157 3 1
LPB 206.73213 8.204968 2.0 8.0 0 3
LPB 215.32516 7.4026413 2.0 8.0 0 4
LPB 210.37167 13.867757 3.0 2.0 0 5
LPB 126.017815 12.791512 2.0 8.0 1 3
LPB 135.97885 11.700603 2.0 8.0 1 4
LPB 130.48535 17.765537 3.0 2.0 1 5
LPB 218.03427 4.518263 2.0 8.0 2 3
LPB 227.77846 3.2857065 2.0 8.0 2 4
LPB 222.45288 9.797335 3.0 2.0 2 5
LPB 270.1593 11.966831 2.0 8.0 3 3
LPB 279.6653 11.569241 2.0 8.0 3 4
LPB 274.34 17.822252 3.0 2.0 3 5
